initial: 6
0.36892077 0.11021672 0.14922416 0.06470609 0.06444898 0.24248328

transition: 6
0.34310316 0.36978449 0.12195982 0.10314408 0.03426353 0.02774492
0.08101226 0.30375169 0.35894336 0.13955957 0.069741   0.04699213
0.05973584 0.07743907 0.29695761 0.40708841 0.09647861 0.06230046
0.0371295  0.05100789 0.07125866 0.34340095 0.40778217 0.08942082
0.07451895 0.057556   0.04216792 0.0254123  0.34096715 0.45937769
0.35811776 0.08750812 0.05795515 0.02658555 0.08330007 0.38653335

observation: 6
0.15416681 0.09921922 0.08428483 0.05365416 0.03808279 0.04848563
0.1373023  0.10099683 0.08977434 0.06336591 0.03272379 0.03935558
0.65239757 0.64360893 0.50941407 0.26703515 0.13445788 0.25529913
0.02108413 0.13737147 0.28292826 0.50118863 0.13074099 0.0124484 
0.00071935 0.00484594 0.02178395 0.07894584 0.04477096 0.00266741
0.03432984 0.01395762 0.01181455 0.0358103  0.61922358 0.64174385
