initial: 6
0.33663016 0.13308865 0.18015803 0.14318074 0.10904094 0.09790148

transition: 6
0.40721348 0.37328558 0.08310023 0.06629714 0.03200857 0.038095  
0.14990515 0.41675235 0.28605372 0.07555231 0.03216308 0.03957339
0.14806685 0.13867746 0.32085187 0.28468186 0.05209618 0.05562578
0.14107227 0.13280893 0.11047469 0.32147819 0.22356814 0.07059777
0.06958843 0.0628192  0.05439691 0.06537914 0.45710522 0.29071111
0.27258466 0.08099246 0.06496807 0.07310573 0.16881097 0.33953811

observation: 6
0.46179644 0.39022534 0.26560354 0.19552438 0.11370838 0.16991923
0.1661663  0.20744035 0.19617255 0.15589325 0.0723409  0.09190475
0.14074238 0.17008295 0.32428938 0.45746423 0.39902152 0.29015311
0.23017257 0.2319312  0.21284659 0.18388493 0.15370086 0.26357253
0.00079924 0.00026997 0.00094632 0.00518633 0.03980025 0.03401413
3.23070472e-04 5.01875268e-05 1.41617736e-04 2.04687996e-03 2.21428102e-01 1.50436252e-01
