initial: 6
0.26284799 0.12412801 0.22316493 0.14866219 0.13146592 0.10973097

transition: 6
0.292815   0.30795301 0.1021857  0.09775646 0.1022857  0.09700414
0.09409263 0.29681059 0.30899943 0.09709992 0.10307455 0.09992287
0.1058265  0.10058593 0.30341592 0.31189039 0.09178425 0.08649702
0.10584022 0.10444307 0.10083663 0.3076337  0.29125766 0.08998872
0.08325856 0.0871308  0.09062086 0.08829261 0.33421904 0.31647814
0.2713494  0.08977536 0.09595149 0.09732997 0.11654917 0.32904461

observation: 6
0.18800123 0.23897941 0.11217393 0.10944551 0.13459957 0.10921557
0.16055553 0.17490061 0.16781409 0.14043172 0.06479594 0.05649853
0.26820897 0.23557541 0.25640962 0.29093253 0.26575809 0.25156231
0.2466035  0.18483263 0.23248332 0.28023931 0.20167104 0.20029988
0.10641735 0.12669165 0.20525626 0.14668377 0.16165394 0.24137579
0.03021342 0.0390203  0.02586278 0.03226716 0.17152143 0.14104791
