initial: 6
0.24543545 0.11273459 0.14412374 0.19266871 0.20860426 0.09643325

transition: 6
0.44927069 0.39475838 0.06143029 0.04220918 0.02253601 0.02979546
0.18109896 0.48432051 0.23460132 0.0531282  0.01941889 0.02743212
0.15229279 0.12935995 0.31766839 0.30471264 0.04773101 0.04823522
0.12562451 0.10399929 0.11084658 0.38686097 0.21283122 0.05983743
0.06893336 0.05349064 0.04852114 0.06110609 0.45599302 0.31195576
0.28301435 0.07420272 0.04960719 0.05234718 0.16540595 0.3754226 

observation: 6
0.43637022 0.49718376 0.22390838 0.11665488 0.06529152 0.11774078
0.12768395 0.17044675 0.21077516 0.12806214 0.0720762  0.07600587
0.1288837  0.11025233 0.18409636 0.18937174 0.22233735 0.2189622 
0.28481388 0.20362079 0.1715391  0.14620715 0.1610403  0.26507029
0.0216392  0.01840709 0.2093622  0.41626329 0.18156647 0.07247828
6.09050277e-04 8.92771930e-05 3.18796431e-04 3.44079898e-03 2.97688167e-01 2.49742575e-01
