initial: 6
0.31907546 0.14113843 0.19701539 0.13849199 0.10799973 0.096279  

transition: 6
0.44213629 0.38528326 0.06579606 0.04772432 0.02600109 0.03305896
0.17614501 0.46286514 0.24321136 0.05895378 0.02560941 0.03321529
0.14422482 0.12424569 0.31282419 0.31153025 0.05451853 0.05265651
0.11377947 0.09678629 0.10587332 0.38883759 0.23250637 0.06221695
0.07064356 0.05747236 0.05679004 0.07358328 0.42652149 0.31498927
0.27117993 0.07316362 0.0529223  0.05647538 0.15537503 0.39088375

observation: 6
0.46887711 0.47683884 0.26840498 0.14962677 0.09587305 0.13842874
0.12528489 0.17803708 0.20965796 0.13823218 0.0709418  0.07684993
0.13397468 0.1109193  0.17998157 0.18343046 0.22630649 0.21175571
0.25517686 0.21851366 0.16497552 0.13108416 0.15115123 0.27199712
0.01615236 0.01560756 0.17670934 0.39497643 0.22756845 0.07600887
5.34089811e-04 8.35541145e-05 2.70631692e-04 2.65000366e-03 2.28158983e-01 2.24959625e-01
